142033
0
0
0
0
0
0
911534
0
0
0
0
0
0
0
0
0
0
0
1759930
0
0
0
0
719456
0
0
0
513121
0
0
482389
0
0
0
462688
0
0
482847
0
341932
0
0
383467
0
241028
218090
0
276376
0
213644
207064
0
241235
210460
0
245841
0
222771
218772
0
269465
0
235327
223851
0
257500
0
218864
0
270636
229435
0
218566
0
273846
0
236651
227700
0
252231
0
237888
0
290421
236964
0
227111
0
265681
243065
0
234584
0
269566
0
234454
0
290625
231924
0
217914
0
250072
224907
0
244610
0
243143
221015
0
240105
215059
0
207979
0
226111
220283
0
225119
232740
0
218907
223254
0
228161
0
222963
232798
0
229222
0
227367
231017
0
235033
231081
0
230555
0
234763
232916
0
237187
0
236064
238274
0
239065
0
241016
243198
0
247251
0
248742
0
250345
0
252177
250706
0
249387
0
246642
0
242085
238580
0
232831
226782
0
219572
214012
0
206741
202139
0
197370
193040
190648
0
188358
188167
187705
0
187710
187924
188142
0
187729
187036
184720
0
183113
181136
178422
176995
0
175091
173241
169441
167218
164366
0
160872
158777
156217
154705
152893
151558
149808
147008
143665
140845
138853
135930
134791
132968
131438
130092
128847
126684
249318
122583
121017
120037
118182
236978
119641
119871
118849
118105
231691
114557
111608
107976
205561
97383
187273
91761
178076
163625
147193
132243
117650
158338
141197
134762
163145
132797
163583
140978
146251
145640
5
