13398
128635
911534
1759930
719456
513121
482389
462688
482847
341932
383467
241028
218090
276376
213644
207064
241235
210460
245841
222771
218772
269465
235327
223851
257500
218864
270636
229435
218566
273846
236651
227700
252231
237888
290421
236964
227111
265681
243065
234584
269566
234454
290625
231924
217914
250072
224907
244610
243143
221015
240105
215059
207979
226111
220283
225119
232740
218907
223254
228161
222963
232798
229222
227367
231017
235033
231081
230555
234763
232916
237187
236064
238274
239065
241016
243198
247251
248742
250345
252177
250706
249387
246642
242085
238580
232831
226782
219572
214012
206741
202139
197370
193040
190648
188358
188167
187705
187710
187924
188142
187729
187036
184720
183113
181136
178422
176995
175091
173241
169441
167218
164366
160872
158777
156217
154705
152893
151558
149808
147008
143665
140845
138853
135930
134791
132968
131438
130092
128847
126684
125232
124086
122583
121017
120037
118182
118146
118832
119641
119871
118849
118105
116095
115596
114557
111608
107976
104761
100800
97383
94679
92594
91761
90537
87539
83743
79882
75376
71817
67696
64547
60402
57248
55188
52980
50170
48537
47069
45591
45869
45043
43850
42455
41893
40488
38309
35440
33696
32857
30804
29757
28155
26898
26237
26589
25947
25812
24518
23708
23451
22621
20868
18355
16588
15411
14137
13186
12579
11900
11054
9901
8691
7490
6959
6624
6583
6267
6166
6012
5697
5655
5551
5045
4386
3682
3864
4127
4345
4416
4355
4296
4566
5882
7842
6954
6398
6993
5699
4318
3149
1823
1551
1190
1071
494
152
124
102
81
61
46
40
23
6
4
2
2
1
0
0
0
0
0
0
0
0
